body {
  display: flex;
  align-items: center;
  justify-content: center;
  height: 100vh;
  margin: 0;
}

.sinusoidal-border {
  position: relative;
  width: 100px; /* Adjust the width and height as needed */
  height: 100px;
  overflow: hidden;
}

.img-container {
  scale: 4;
}
.sinusoidal-border img {
  width: 100%;
  height: 100%;
  object-fit: cover;
  clip-path: path('M 89.6577944 55.2210476 A 1 1 0 0 1 86.9551813 65.3077329 A 1 1 0 0 0 81.7341336 74.3504571 A 1 1 0 0 1 74.3504571 81.7341336 A 1 1 0 0 0 65.3073372 86.9551813 A 1 1 0 0 1 55.2210476 89.6577944 A 1 1 0 0 0 44.7789523 89.6577944 A 1 1 0 0 1 34.6926627 86.9551813 A 1 1 0 0 0 25.6495428 81.7341336 A 1 1 0 0 1 18.2658663 74.3504571 A 1 1 0 0 0 13.0448186 65.3073372 A 1 1 0 0 1 10.3422055 55.2210476 A 1 1 0 0 0 10.3422055 44.7789523 A 1 1 0 0 1 13.0448186 34.6926627 A 1 1 0 0 0 18.2658663 25.6495428 A 1 1 0 0 1 25.6495428 18.2658663 A 1 1 0 0 0 34.6926627 13.0448186 A 1 1 0 0 1 44.7789523 10.3422055 A 1 1 0 0 0 55.2210476 10.3422055 A 1 1 0 0 1 65.3073372 13.0448186 A 1 1 0 0 0 74.3504571 18.2658663 A 1 1 0 0 1 81.7341336 25.6495428 A 1 1 0 0 0 86.9551813 34.6926627 A 1 1 0 0 1 89.6577944 44.7789523 A 1 1 0 0 0 89.6577944 55.2210476');
}

<svg viewBox="0 0 100 100" xmlns="http://www.w3.org/2000/svg">
  <path fill="#0070f3" d="
    M 89.6577944 55.2210476 A 1 1 0 0 1 86.9551813 65.3077329 A 1 1 0 0 0 81.7341336 74.3504571 A 1 1 0 0 1 74.3504571 81.7341336 A 1 1 0 0 0 65.3073372 86.9551813 A 1 1 0 0 1 55.2210476 89.6577944 A 1 1 0 0 0 44.7789523 89.6577944 A 1 1 0 0 1 34.6926627 86.9551813 A 1 1 0 0 0 25.6495428 81.7341336 A 1 1 0 0 1 18.2658663 74.3504571 A 1 1 0 0 0 13.0448186 65.3073372 A 1 1 0 0 1 10.3422055 55.2210476 A 1 1 0 0 0 10.3422055 44.7789523 A 1 1 0 0 1 13.0448186 34.6926627 A 1 1 0 0 0 18.2658663 25.6495428 A 1 1 0 0 1 25.6495428 18.2658663 A 1 1 0 0 0 34.6926627 13.0448186 A 1 1 0 0 1 44.7789523 10.3422055 A 1 1 0 0 0 55.2210476 10.3422055 A 1 1 0 0 1 65.3073372 13.0448186 A 1 1 0 0 0 74.3504571 18.2658663 A 1 1 0 0 1 81.7341336 25.6495428 A 1 1 0 0 0 86.9551813 34.6926627 A 1 1 0 0 1 89.6577944 44.7789523 A 1 1 0 0 0 89.6577944 55.2210476
  "></path>
</svg>
